[
    {
        "pan_degrees": -56.106024986233976,
        "tilt_degrees": 82.16505992844651,
        "roll_degrees": -1.22029666508005,
        "x_focal_length": 4047.0716123672396,
        "y_focal_length": 4047.0716123672396,
        "principal_point": [
            960.0,
            540.0
        ],
        "position_meters": [
            20.806456233636055,
            65.7818526961479,
            -13.229732513777746
        ],
        "rotation_matrix": [
            [
                0.5551215337056279,
                -0.831501633523926,
                -0.02109777863552642
            ],
            [
                0.12500558408823964,
                0.05832484414892192,
                0.9904402134918401
            ],
            [
                -0.8223221307754457,
                -0.5524520304986184,
                0.13631972430607503
            ]
        ],
        "radial_distortion": [
            0.0,
            0.0,
            0.0,
            0.0,
            0.0,
            0.0
        ],
        "tangential_distortion": [
            0.0,
            0.0
        ],
        "thin_prism_distortion": [
            0.0,
            0.0,
            0.0,
            0.0
        ],
        "rep_err": 5.236186100402775,
        "img_pts": [
            [
                1796.0,
                524.0
            ],
            [
                1636.0,
                436.0
            ],
            [
                1636.0,
                536.0
            ],
            [
                1408.0,
                452.0
            ],
            [
                1404.0,
                552.0
            ],
            [
                1244.0,
                572.0
            ],
            [
                1376.0,
                596.0
            ],
            [
                820.0,
                600.0
            ],
            [
                1296.0,
                724.0
            ]
        ],
        "obj_pts": [
            [
                -52.5,
                -9.15999984741211,
                0.0
            ],
            [
                -52.5,
                -3.6600000858306885,
                -2.440000057220459
            ],
            [
                -52.5,
                -3.6600000858306885,
                0.0
            ],
            [
                -52.5,
                3.6600000858306885,
                -2.440000057220459
            ],
            [
                -52.5,
                3.6600000858306885,
                0.0
            ],
            [
                -52.5,
                9.15999984741211,
                0.0
            ],
            [
                -47.0,
                9.15999984741211,
                0.0
            ],
            [
                -52.5,
                20.15999984741211,
                0.0
            ],
            [
                -36.0,
                20.15999984741211,
                0.0
            ]
        ]
    },
    {
        "pan_degrees": -56.106024986233976,
        "tilt_degrees": 82.16505992844651,
        "roll_degrees": -1.22029666508005,
        "x_focal_length": 4047.0716123672396,
        "y_focal_length": 4047.0716123672396,
        "principal_point": [
            960.0,
            540.0
        ],
        "position_meters": [
            20.806456233636055,
            65.7818526961479,
            -13.229732513777746
        ],
        "rotation_matrix": [
            [
                0.5551215337056279,
                -0.831501633523926,
                -0.02109777863552642
            ],
            [
                0.12500558408823964,
                0.05832484414892192,
                0.9904402134918401
            ],
            [
                -0.8223221307754457,
                -0.5524520304986184,
                0.13631972430607503
            ]
        ],
        "radial_distortion": [
            0.0,
            0.0,
            0.0,
            0.0,
            0.0,
            0.0
        ],
        "tangential_distortion": [
            0.0,
            0.0
        ],
        "thin_prism_distortion": [
            0.0,
            0.0,
            0.0,
            0.0
        ],
        "rep_err": 5.236186100402775,
        "img_pts": [
            [
                1796.0,
                524.0
            ],
            [
                1636.0,
                436.0
            ],
            [
                1636.0,
                536.0
            ],
            [
                1408.0,
                452.0
            ],
            [
                1404.0,
                552.0
            ],
            [
                1244.0,
                572.0
            ],
            [
                1376.0,
                596.0
            ],
            [
                820.0,
                600.0
            ],
            [
                1296.0,
                724.0
            ]
        ],
        "obj_pts": [
            [
                -52.5,
                -9.15999984741211,
                0.0
            ],
            [
                -52.5,
                -3.6600000858306885,
                -2.440000057220459
            ],
            [
                -52.5,
                -3.6600000858306885,
                0.0
            ],
            [
                -52.5,
                3.6600000858306885,
                -2.440000057220459
            ],
            [
                -52.5,
                3.6600000858306885,
                0.0
            ],
            [
                -52.5,
                9.15999984741211,
                0.0
            ],
            [
                -47.0,
                9.15999984741211,
                0.0
            ],
            [
                -52.5,
                20.15999984741211,
                0.0
            ],
            [
                -36.0,
                20.15999984741211,
                0.0
            ]
        ]
    },
    {
        "pan_degrees": -56.19250634603564,
        "tilt_degrees": 82.44441129595191,
        "roll_degrees": -0.9155232293259989,
        "x_focal_length": 3933.8600123771444,
        "y_focal_length": 3933.8600123771444,
        "principal_point": [
            960.0,
            540.0
        ],
        "position_meters": [
            18.54259693194032,
            64.02397794600027,
            -12.474528578125756
        ],
        "rotation_matrix": [
            [
                0.5545875648118482,
                -0.8319746051261814,
                -0.015839488034597005
            ],
            [
                0.11813134825948474,
                0.05987468271771343,
                0.9911912060383956
            ],
            [
                -0.8236975279278553,
                -0.5515734572970199,
                0.13148803630350694
            ]
        ],
        "radial_distortion": [
            0.0,
            0.0,
            0.0,
            0.0,
            0.0,
            0.0
        ],
        "tangential_distortion": [
            0.0,
            0.0
        ],
        "thin_prism_distortion": [
            0.0,
            0.0,
            0.0,
            0.0
        ],
        "rep_err": 5.791990150160661,
        "img_pts": [
            [
                1796.0,
                524.0
            ],
            [
                1636.0,
                436.0
            ],
            [
                1632.0,
                540.0
            ],
            [
                1408.0,
                452.0
            ],
            [
                1404.0,
                552.0
            ],
            [
                1244.0,
                572.0
            ],
            [
                1376.0,
                596.0
            ],
            [
                816.0,
                604.0
            ],
            [
                1296.0,
                724.0
            ]
        ],
        "obj_pts": [
            [
                -52.5,
                -9.15999984741211,
                0.0
            ],
            [
                -52.5,
                -3.6600000858306885,
                -2.440000057220459
            ],
            [
                -52.5,
                -3.6600000858306885,
                0.0
            ],
            [
                -52.5,
                3.6600000858306885,
                -2.440000057220459
            ],
            [
                -52.5,
                3.6600000858306885,
                0.0
            ],
            [
                -52.5,
                9.15999984741211,
                0.0
            ],
            [
                -47.0,
                9.15999984741211,
                0.0
            ],
            [
                -52.5,
                20.15999984741211,
                0.0
            ],
            [
                -36.0,
                20.15999984741211,
                0.0
            ]
        ]
    },
    {
        "pan_degrees": -55.935235315118206,
        "tilt_degrees": 82.24757184601525,
        "roll_degrees": -1.0936755054639375,
        "x_focal_length": 3965.724611374959,
        "y_focal_length": 3965.724611374959,
        "principal_point": [
            960.0,
            540.0
        ],
        "position_meters": [
            18.66704350014512,
            64.57198224802801,
            -12.822867492374531
        ],
        "rotation_matrix": [
            [
                0.5578947087745744,
                -0.8296962133599406,
                -0.01891262693304796
            ],
            [
                0.12241684718323526,
                0.05973193015486586,
                0.9906796717636285
            ],
            [
                -0.8208334846039416,
                -0.555010171128557,
                0.13489292233768485
            ]
        ],
        "radial_distortion": [
            0.0,
            0.0,
            0.0,
            0.0,
            0.0,
            0.0
        ],
        "tangential_distortion": [
            0.0,
            0.0
        ],
        "thin_prism_distortion": [
            0.0,
            0.0,
            0.0,
            0.0
        ],
        "rep_err": 5.890978456963759,
        "img_pts": [
            [
                1796.0,
                524.0
            ],
            [
                1636.0,
                436.0
            ],
            [
                1632.0,
                540.0
            ],
            [
                1408.0,
                452.0
            ],
            [
                1404.0,
                552.0
            ],
            [
                1244.0,
                572.0
            ],
            [
                1376.0,
                596.0
            ],
            [
                816.0,
                604.0
            ],
            [
                1300.0,
                728.0
            ]
        ],
        "obj_pts": [
            [
                -52.5,
                -9.15999984741211,
                0.0
            ],
            [
                -52.5,
                -3.6600000858306885,
                -2.440000057220459
            ],
            [
                -52.5,
                -3.6600000858306885,
                0.0
            ],
            [
                -52.5,
                3.6600000858306885,
                -2.440000057220459
            ],
            [
                -52.5,
                3.6600000858306885,
                0.0
            ],
            [
                -52.5,
                9.15999984741211,
                0.0
            ],
            [
                -47.0,
                9.15999984741211,
                0.0
            ],
            [
                -52.5,
                20.15999984741211,
                0.0
            ],
            [
                -36.0,
                20.15999984741211,
                0.0
            ]
        ]
    },
    {
        "pan_degrees": -55.74864099589359,
        "tilt_degrees": 82.10388540191906,
        "roll_degrees": -1.1926267003355508,
        "x_focal_length": 4129.85843432168,
        "y_focal_length": 4129.85843432168,
        "principal_point": [
            960.0,
            540.0
        ],
        "position_meters": [
            21.862819910728636,
            67.15835763002565,
            -13.615743033785462
        ],
        "rotation_matrix": [
            [
                0.5603391462573142,
                -0.8280066451468052,
                -0.020616419775446593
            ],
            [
                0.12524279264276506,
                0.060098445570330464,
                0.9903042056515117
            ],
            [
                -0.8187394482145502,
                -0.5574882711167679,
                0.13737737624722357
            ]
        ],
        "radial_distortion": [
            0.0,
            0.0,
            0.0,
            0.0,
            0.0,
            0.0
        ],
        "tangential_distortion": [
            0.0,
            0.0
        ],
        "thin_prism_distortion": [
            0.0,
            0.0,
            0.0,
            0.0
        ],
        "rep_err": 5.776984297148457,
        "img_pts": [
            [
                1796.0,
                524.0
            ],
            [
                1636.0,
                436.0
            ],
            [
                1632.0,
                540.0
            ],
            [
                1408.0,
                452.0
            ],
            [
                1404.0,
                552.0
            ],
            [
                1244.0,
                572.0
            ],
            [
                1376.0,
                596.0
            ],
            [
                820.0,
                604.0
            ],
            [
                1300.0,
                728.0
            ]
        ],
        "obj_pts": [
            [
                -52.5,
                -9.15999984741211,
                0.0
            ],
            [
                -52.5,
                -3.6600000858306885,
                -2.440000057220459
            ],
            [
                -52.5,
                -3.6600000858306885,
                0.0
            ],
            [
                -52.5,
                3.6600000858306885,
                -2.440000057220459
            ],
            [
                -52.5,
                3.6600000858306885,
                0.0
            ],
            [
                -52.5,
                9.15999984741211,
                0.0
            ],
            [
                -47.0,
                9.15999984741211,
                0.0
            ],
            [
                -52.5,
                20.15999984741211,
                0.0
            ],
            [
                -36.0,
                20.15999984741211,
                0.0
            ]
        ]
    },
    {
        "pan_degrees": -55.79719594438991,
        "tilt_degrees": 82.11908774038227,
        "roll_degrees": -1.1751438313112796,
        "x_focal_length": 4099.637330566039,
        "y_focal_length": 4099.637330566039,
        "principal_point": [
            960.0,
            540.0
        ],
        "position_meters": [
            21.356041156595644,
            66.7225216248072,
            -13.499532725642492
        ],
        "rotation_matrix": [
            [
                0.5596799192587318,
                -0.8284598295257349,
                -0.02031499054219954
            ],
            [
                0.12490558734246615,
                0.060097376125741064,
                0.9903468582438351
            ],
            [
                -0.8192417117244294,
                -0.5568147054855785,
                0.13711455621426774
            ]
        ],
        "radial_distortion": [
            0.0,
            0.0,
            0.0,
            0.0,
            0.0,
            0.0
        ],
        "tangential_distortion": [
            0.0,
            0.0
        ],
        "thin_prism_distortion": [
            0.0,
            0.0,
            0.0,
            0.0
        ],
        "rep_err": 5.730020841799171,
        "img_pts": [
            [
                1796.0,
                524.0
            ],
            [
                1636.0,
                436.0
            ],
            [
                1632.0,
                540.0
            ],
            [
                1412.0,
                452.0
            ],
            [
                1404.0,
                552.0
            ],
            [
                1244.0,
                572.0
            ],
            [
                1376.0,
                596.0
            ],
            [
                820.0,
                604.0
            ],
            [
                1300.0,
                728.0
            ]
        ],
        "obj_pts": [
            [
                -52.5,
                -9.15999984741211,
                0.0
            ],
            [
                -52.5,
                -3.6600000858306885,
                -2.440000057220459
            ],
            [
                -52.5,
                -3.6600000858306885,
                0.0
            ],
            [
                -52.5,
                3.6600000858306885,
                -2.440000057220459
            ],
            [
                -52.5,
                3.6600000858306885,
                0.0
            ],
            [
                -52.5,
                9.15999984741211,
                0.0
            ],
            [
                -47.0,
                9.15999984741211,
                0.0
            ],
            [
                -52.5,
                20.15999984741211,
                0.0
            ],
            [
                -36.0,
                20.15999984741211,
                0.0
            ]
        ]
    },
    {
        "pan_degrees": -55.74864099589359,
        "tilt_degrees": 82.10388540191906,
        "roll_degrees": -1.1926267003355508,
        "x_focal_length": 4129.85843432168,
        "y_focal_length": 4129.85843432168,
        "principal_point": [
            960.0,
            540.0
        ],
        "position_meters": [
            21.862819910728636,
            67.15835763002565,
            -13.615743033785462
        ],
        "rotation_matrix": [
            [
                0.5603391462573142,
                -0.8280066451468052,
                -0.020616419775446593
            ],
            [
                0.12524279264276506,
                0.060098445570330464,
                0.9903042056515117
            ],
            [
                -0.8187394482145502,
                -0.5574882711167679,
                0.13737737624722357
            ]
        ],
        "radial_distortion": [
            0.0,
            0.0,
            0.0,
            0.0,
            0.0,
            0.0
        ],
        "tangential_distortion": [
            0.0,
            0.0
        ],
        "thin_prism_distortion": [
            0.0,
            0.0,
            0.0,
            0.0
        ],
        "rep_err": 5.776984297148457,
        "img_pts": [
            [
                1796.0,
                524.0
            ],
            [
                1636.0,
                436.0
            ],
            [
                1632.0,
                540.0
            ],
            [
                1408.0,
                452.0
            ],
            [
                1404.0,
                552.0
            ],
            [
                1244.0,
                572.0
            ],
            [
                1376.0,
                596.0
            ],
            [
                820.0,
                604.0
            ],
            [
                1300.0,
                728.0
            ]
        ],
        "obj_pts": [
            [
                -52.5,
                -9.15999984741211,
                0.0
            ],
            [
                -52.5,
                -3.6600000858306885,
                -2.440000057220459
            ],
            [
                -52.5,
                -3.6600000858306885,
                0.0
            ],
            [
                -52.5,
                3.6600000858306885,
                -2.440000057220459
            ],
            [
                -52.5,
                3.6600000858306885,
                0.0
            ],
            [
                -52.5,
                9.15999984741211,
                0.0
            ],
            [
                -47.0,
                9.15999984741211,
                0.0
            ],
            [
                -52.5,
                20.15999984741211,
                0.0
            ],
            [
                -36.0,
                20.15999984741211,
                0.0
            ]
        ]
    },
    {
        "pan_degrees": -56.79391230364857,
        "tilt_degrees": 82.55505746770899,
        "roll_degrees": -0.7274299400092437,
        "x_focal_length": 3516.193509622805,
        "y_focal_length": 3516.193509622805,
        "principal_point": [
            960.0,
            540.0
        ],
        "position_meters": [
            11.66051360483042,
            58.60160356751507,
            -11.192787620759535
        ],
        "rotation_matrix": [
            [
                0.5462315861572992,
                -0.8375395987250579,
                -0.01258867949985909
            ],
            [
                0.11535896698826831,
                0.060332864031660494,
                0.9914899163648296
            ],
            [
                -0.8296525556035375,
                -0.5430353267377788,
                0.12957341893811805
            ]
        ],
        "radial_distortion": [
            0.0,
            0.0,
            0.0,
            0.0,
            0.0,
            0.0
        ],
        "tangential_distortion": [
            0.0,
            0.0
        ],
        "thin_prism_distortion": [
            0.0,
            0.0,
            0.0,
            0.0
        ],
        "rep_err": 5.5743002184106905,
        "img_pts": [
            [
                1796.0,
                524.0
            ],
            [
                1632.0,
                540.0
            ],
            [
                1376.0,
                596.0
            ],
            [
                820.0,
                604.0
            ],
            [
                1296.0,
                724.0
            ]
        ],
        "obj_pts": [
            [
                -52.5,
                -9.15999984741211,
                0.0
            ],
            [
                -52.5,
                -3.6600000858306885,
                0.0
            ],
            [
                -47.0,
                9.15999984741211,
                0.0
            ],
            [
                -52.5,
                20.15999984741211,
                0.0
            ],
            [
                -36.0,
                20.15999984741211,
                0.0
            ]
        ]
    },
    {
        "pan_degrees": -56.434096297090235,
        "tilt_degrees": 82.26634289085628,
        "roll_degrees": -0.9050903875371825,
        "x_focal_length": 3811.209567295304,
        "y_focal_length": 3811.209567295304,
        "principal_point": [
            960.0,
            540.0
        ],
        "position_meters": [
            16.660046817445476,
            62.39365448298983,
            -12.41091942528114
        ],
        "rotation_matrix": [
            [
                0.5510555949592603,
                -0.8343217193229655,
                -0.015652473608570527
            ],
            [
                0.12084872051741424,
                0.06123081037920086,
                0.9907806894614017
            ],
            [
                -0.8256714346599379,
                -0.5478668237138269,
                0.13456829292341788
            ]
        ],
        "radial_distortion": [
            0.0,
            0.0,
            0.0,
            0.0,
            0.0,
            0.0
        ],
        "tangential_distortion": [
            0.0,
            0.0
        ],
        "thin_prism_distortion": [
            0.0,
            0.0,
            0.0,
            0.0
        ],
        "rep_err": 4.392268640720872,
        "img_pts": [
            [
                1796.0,
                524.0
            ],
            [
                1636.0,
                436.0
            ],
            [
                1632.0,
                540.0
            ],
            [
                1408.0,
                452.0
            ],
            [
                1404.0,
                552.0
            ],
            [
                1232.0,
                568.0
            ],
            [
                1376.0,
                596.0
            ],
            [
                816.0,
                604.0
            ],
            [
                1296.0,
                728.0
            ]
        ],
        "obj_pts": [
            [
                -52.5,
                -9.15999984741211,
                0.0
            ],
            [
                -52.5,
                -3.6600000858306885,
                -2.440000057220459
            ],
            [
                -52.5,
                -3.6600000858306885,
                0.0
            ],
            [
                -52.5,
                3.6600000858306885,
                -2.440000057220459
            ],
            [
                -52.5,
                3.6600000858306885,
                0.0
            ],
            [
                -52.5,
                9.15999984741211,
                0.0
            ],
            [
                -47.0,
                9.15999984741211,
                0.0
            ],
            [
                -52.5,
                20.15999984741211,
                0.0
            ],
            [
                -36.0,
                20.15999984741211,
                0.0
            ]
        ]
    },
    {
        "pan_degrees": -55.51189459973473,
        "tilt_degrees": 81.92447110475972,
        "roll_degrees": -1.5733696053716801,
        "x_focal_length": 4254.028502888192,
        "y_focal_length": 4254.028502888192,
        "principal_point": [
            960.0,
            540.0
        ],
        "position_meters": [
            23.870524597182968,
            68.9913934931318,
            -14.221173306457452
        ],
        "rotation_matrix": [
            [
                0.5628424507088968,
                -0.8261170405044216,
                -0.027184758012873567
            ],
            [
                0.1312919070436958,
                0.05688252001835066,
                0.9897104698148803
            ],
            [
                -0.8160703467378484,
                -0.5606202050448926,
                0.1404783786587459
            ]
        ],
        "radial_distortion": [
            0.0,
            0.0,
            0.0,
            0.0,
            0.0,
            0.0
        ],
        "tangential_distortion": [
            0.0,
            0.0
        ],
        "thin_prism_distortion": [
            0.0,
            0.0,
            0.0,
            0.0
        ],
        "rep_err": 4.250352908471814,
        "img_pts": [
            [
                1796.0,
                524.0
            ],
            [
                1636.0,
                436.0
            ],
            [
                1632.0,
                540.0
            ],
            [
                1412.0,
                452.0
            ],
            [
                1404.0,
                552.0
            ],
            [
                1236.0,
                568.0
            ],
            [
                1376.0,
                596.0
            ],
            [
                820.0,
                600.0
            ],
            [
                1300.0,
                728.0
            ]
        ],
        "obj_pts": [
            [
                -52.5,
                -9.15999984741211,
                0.0
            ],
            [
                -52.5,
                -3.6600000858306885,
                -2.440000057220459
            ],
            [
                -52.5,
                -3.6600000858306885,
                0.0
            ],
            [
                -52.5,
                3.6600000858306885,
                -2.440000057220459
            ],
            [
                -52.5,
                3.6600000858306885,
                0.0
            ],
            [
                -52.5,
                9.15999984741211,
                0.0
            ],
            [
                -47.0,
                9.15999984741211,
                0.0
            ],
            [
                -52.5,
                20.15999984741211,
                0.0
            ],
            [
                -36.0,
                20.15999984741211,
                0.0
            ]
        ]
    },
    {
        "pan_degrees": -56.06937562673659,
        "tilt_degrees": 82.191467702658,
        "roll_degrees": -1.3354422633954586,
        "x_focal_length": 3858.269238044215,
        "y_focal_length": 3858.269238044215,
        "principal_point": [
            960.0,
            540.0
        ],
        "position_meters": [
            16.76308510252993,
            63.07138053260577,
            -12.513377483960697
        ],
        "rotation_matrix": [
            [
                0.5554098545555514,
                -0.8312561346090372,
                -0.023089654337459686
            ],
            [
                0.12570592088833882,
                0.05647953787101878,
                0.9904585217238988
            ],
            [
                -0.822020629252208,
                -0.5530129297554607,
                0.13586310980941735
            ]
        ],
        "radial_distortion": [
            0.0,
            0.0,
            0.0,
            0.0,
            0.0,
            0.0
        ],
        "tangential_distortion": [
            0.0,
            0.0
        ],
        "thin_prism_distortion": [
            0.0,
            0.0,
            0.0,
            0.0
        ],
        "rep_err": 5.865914891614101,
        "img_pts": [
            [
                1796.0,
                524.0
            ],
            [
                1636.0,
                436.0
            ],
            [
                1632.0,
                540.0
            ],
            [
                1408.0,
                452.0
            ],
            [
                1404.0,
                552.0
            ],
            [
                1244.0,
                572.0
            ],
            [
                1380.0,
                596.0
            ],
            [
                816.0,
                600.0
            ],
            [
                1300.0,
                728.0
            ]
        ],
        "obj_pts": [
            [
                -52.5,
                -9.15999984741211,
                0.0
            ],
            [
                -52.5,
                -3.6600000858306885,
                -2.440000057220459
            ],
            [
                -52.5,
                -3.6600000858306885,
                0.0
            ],
            [
                -52.5,
                3.6600000858306885,
                -2.440000057220459
            ],
            [
                -52.5,
                3.6600000858306885,
                0.0
            ],
            [
                -52.5,
                9.15999984741211,
                0.0
            ],
            [
                -47.0,
                9.15999984741211,
                0.0
            ],
            [
                -52.5,
                20.15999984741211,
                0.0
            ],
            [
                -36.0,
                20.15999984741211,
                0.0
            ]
        ]
    },
    {
        "pan_degrees": -55.935235315118206,
        "tilt_degrees": 82.24757184601525,
        "roll_degrees": -1.0936755054639375,
        "x_focal_length": 3965.724611374959,
        "y_focal_length": 3965.724611374959,
        "principal_point": [
            960.0,
            540.0
        ],
        "position_meters": [
            18.66704350014512,
            64.57198224802801,
            -12.822867492374531
        ],
        "rotation_matrix": [
            [
                0.5578947087745744,
                -0.8296962133599406,
                -0.01891262693304796
            ],
            [
                0.12241684718323526,
                0.05973193015486586,
                0.9906796717636285
            ],
            [
                -0.8208334846039416,
                -0.555010171128557,
                0.13489292233768485
            ]
        ],
        "radial_distortion": [
            0.0,
            0.0,
            0.0,
            0.0,
            0.0,
            0.0
        ],
        "tangential_distortion": [
            0.0,
            0.0
        ],
        "thin_prism_distortion": [
            0.0,
            0.0,
            0.0,
            0.0
        ],
        "rep_err": 5.890978456963759,
        "img_pts": [
            [
                1796.0,
                524.0
            ],
            [
                1636.0,
                436.0
            ],
            [
                1632.0,
                540.0
            ],
            [
                1408.0,
                452.0
            ],
            [
                1404.0,
                552.0
            ],
            [
                1244.0,
                572.0
            ],
            [
                1376.0,
                596.0
            ],
            [
                816.0,
                604.0
            ],
            [
                1300.0,
                728.0
            ]
        ],
        "obj_pts": [
            [
                -52.5,
                -9.15999984741211,
                0.0
            ],
            [
                -52.5,
                -3.6600000858306885,
                -2.440000057220459
            ],
            [
                -52.5,
                -3.6600000858306885,
                0.0
            ],
            [
                -52.5,
                3.6600000858306885,
                -2.440000057220459
            ],
            [
                -52.5,
                3.6600000858306885,
                0.0
            ],
            [
                -52.5,
                9.15999984741211,
                0.0
            ],
            [
                -47.0,
                9.15999984741211,
                0.0
            ],
            [
                -52.5,
                20.15999984741211,
                0.0
            ],
            [
                -36.0,
                20.15999984741211,
                0.0
            ]
        ]
    },
    {
        "pan_degrees": -55.93975148633805,
        "tilt_degrees": 82.27995743821705,
        "roll_degrees": -1.0356206111325763,
        "x_focal_length": 4140.037967558896,
        "y_focal_length": 4140.037967558896,
        "principal_point": [
            960.0,
            540.0
        ],
        "position_meters": [
            22.47404450277369,
            67.2077878856317,
            -13.412856923175259
        ],
        "rotation_matrix": [
            [
                0.5579614522848945,
                -0.8296735761445408,
                -0.01791018737088057
            ],
            [
                0.12139234148216738,
                0.06024934794388237,
                0.9907744019209487
            ],
            [
                -0.8209402640835739,
                -0.5549880837638458,
                0.13433283175205563
            ]
        ],
        "radial_distortion": [
            0.0,
            0.0,
            0.0,
            0.0,
            0.0,
            0.0
        ],
        "tangential_distortion": [
            0.0,
            0.0
        ],
        "thin_prism_distortion": [
            0.0,
            0.0,
            0.0,
            0.0
        ],
        "rep_err": 4.979198731839619,
        "img_pts": [
            [
                1796.0,
                524.0
            ],
            [
                1636.0,
                436.0
            ],
            [
                1632.0,
                540.0
            ],
            [
                1408.0,
                452.0
            ],
            [
                1404.0,
                552.0
            ],
            [
                1240.0,
                568.0
            ],
            [
                1376.0,
                596.0
            ],
            [
                820.0,
                604.0
            ],
            [
                1296.0,
                724.0
            ]
        ],
        "obj_pts": [
            [
                -52.5,
                -9.15999984741211,
                0.0
            ],
            [
                -52.5,
                -3.6600000858306885,
                -2.440000057220459
            ],
            [
                -52.5,
                -3.6600000858306885,
                0.0
            ],
            [
                -52.5,
                3.6600000858306885,
                -2.440000057220459
            ],
            [
                -52.5,
                3.6600000858306885,
                0.0
            ],
            [
                -52.5,
                9.15999984741211,
                0.0
            ],
            [
                -47.0,
                9.15999984741211,
                0.0
            ],
            [
                -52.5,
                20.15999984741211,
                0.0
            ],
            [
                -36.0,
                20.15999984741211,
                0.0
            ]
        ]
    },
    {
        "pan_degrees": -56.79391230364857,
        "tilt_degrees": 82.55505746770899,
        "roll_degrees": -0.7274299400092437,
        "x_focal_length": 3516.193509622805,
        "y_focal_length": 3516.193509622805,
        "principal_point": [
            960.0,
            540.0
        ],
        "position_meters": [
            11.66051360483042,
            58.60160356751507,
            -11.192787620759535
        ],
        "rotation_matrix": [
            [
                0.5462315861572992,
                -0.8375395987250579,
                -0.01258867949985909
            ],
            [
                0.11535896698826831,
                0.060332864031660494,
                0.9914899163648296
            ],
            [
                -0.8296525556035375,
                -0.5430353267377788,
                0.12957341893811805
            ]
        ],
        "radial_distortion": [
            0.0,
            0.0,
            0.0,
            0.0,
            0.0,
            0.0
        ],
        "tangential_distortion": [
            0.0,
            0.0
        ],
        "thin_prism_distortion": [
            0.0,
            0.0,
            0.0,
            0.0
        ],
        "rep_err": 5.5743002184106905,
        "img_pts": [
            [
                1796.0,
                524.0
            ],
            [
                1632.0,
                540.0
            ],
            [
                1376.0,
                596.0
            ],
            [
                820.0,
                604.0
            ],
            [
                1296.0,
                724.0
            ]
        ],
