[{"pan_degrees": 130.4054030742622, "tilt_degrees": -80.09184311841098, "roll_degrees": -3.8333369746222186, "x_focal_length": 154846.78777411327, "y_focal_length": 154846.78777411327, "principal_point": [960.0, 540.0], "position_meters": [-2766.404013877809, -2293.200699935453, 621.3632119741116], "rotation_matrix": [[-0.6379818081085783, 0.7672301010062802, 0.06585730508001614], [-0.17406823807226945, -0.06037625322050588, -0.982880947287854], [-0.7501196311368774, -0.6385238289656437, 0.1720693430746122]], "radial_distortion": [0.0, 0.0, 0.0, 0.0, 0.0, 0.0], "tangential_distortion": [0.0, 0.0], "thin_prism_distortion": [0.0, 0.0, 0.0, 0.0], "rep_err": 18.497099556607, "img_pts": [[1796.0, 524.0], [1636.0, 436.0], [1636.0, 536.0], [1408.0, 452.0], [1404.0, 552.0], [1244.0, 572.0], [1376.0, 596.0], [820.0, 600.0], [1296.0, 724.0]], "obj_pts": [[-52.5, -9.15999984741211, 0.0], [-52.5, -3.6600000858306885, -2.440000057220459], [-52.5, -3.6600000858306885, 0.0], [-52.5, 3.6600000858306885, -2.440000057220459], [-52.5, 3.6600000858306885, 0.0], [-52.5, 9.15999984741211, 0.0], [-47.0, 9.15999984741211, 0.0], [-52.5, 20.15999984741211, 0.0], [-36.0, 20.15999984741211, 0.0]]}, {"pan_degrees": 130.4054030742622, "tilt_degrees": -80.09184311841098, "roll_degrees": -3.8333369746222186, "x_focal_length": 154846.78777411327, "y_focal_length": 154846.78777411327, "principal_point": [960.0, 540.0], "position_meters": [-2766.404013877809, -2293.200699935453, 621.3632119741116], "rotation_matrix": [[-0.6379818081085783, 0.7672301010062802, 0.06585730508001614], [-0.17406823807226945, -0.06037625322050588, -0.982880947287854], [-0.7501196311368774, -0.6385238289656437, 0.1720693430746122]], "radial_distortion": [0.0, 0.0, 0.0, 0.0, 0.0, 0.0], "tangential_distortion": [0.0, 0.0], "thin_prism_distortion": [0.0, 0.0, 0.0, 0.0], "rep_err": 18.497099556607, "img_pts": [[1796.0, 524.0], [1636.0, 436.0], [1636.0, 536.0], [1408.0, 452.0], [1404.0, 552.0], [1244.0, 572.0], [1376.0, 596.0], [820.0, 600.0], [1296.0, 724.0]], "obj_pts": [[-52.5, -9.15999984741211, 0.0], [-52.5, -3.6600000858306885, -2.440000057220459], [-52.5, -3.6600000858306885, 0.0], [-52.5, 3.6600000858306885, -2.440000057220459], [-52.5, 3.6600000858306885, 0.0], [-52.5, 9.15999984741211, 0.0], [-47.0, 9.15999984741211, 0.0], [-52.5, 20.15999984741211, 0.0], [-36.0, 20.15999984741211, 0.0]]}, {"pan_degrees": -56.12315078879516, "tilt_degrees": 82.4610907073046, "roll_degrees": -0.9190495296714423, "x_focal_length": 4000.4254955626, "y_focal_length": 4000.4254955626, "principal_point": [960.0, 540.0], "position_meters": [19.727751621478202, 64.9572468805537, -12.66464267983405], "rotation_matrix": [[0.5555908252637578, -0.8313037890879393, -0.01590110470286471], [0.11785341220893913, 0.05980563023497312, 0.991228459954065], [-0.8230609990234299, -0.5525914375379268, 0.13119944758390173]], "radial_distortion": [0.0, 0.0, 0.0, 0.0, 0.0, 0.0], "tangential_distortion": [0.0, 0.0], "thin_prism_distortion": [0.0, 0.0, 0.0, 0.0], "rep_err": 3.286780925096836, "img_pts": [[1796.0, 524.0], [1632.0, 540.0], [1376.0, 596.0], [816.0, 604.0], [1296.0, 724.0]], "obj_pts": [[-52.5, -9.15999984741211, 0.0], [-52.5, -3.6600000858306885, 0.0], [-47.0, 9.15999984741211, 0.0], [-52.5, 20.15999984741211, 0.0], [-36.0, 20.15999984741211, 0.0]]}, {"pan_degrees": -57.368409062723046, "tilt_degrees": 82.63260943506974, "roll_degrees": -0.5896191784043164, "x_focal_length": 3350.5135398392777, "y_focal_length": 3350.5135398392777, "principal_point": [960.0, 540.0], "position_meters": [8.899859701319258, 55.91138949241954, -10.589468021899693], "rotation_matrix": [[0.5380953610880297, -0.8428221798911695, -0.010205658187537214], [0.11353389463033259, 0.06047680730911906, 0.9916917921147501], [-0.8352026323866635, -0.5347834410873185, 0.12823117403032291]], "radial_distortion": [0.0, 0.0, 0.0, 0.0, 0.0, 0.0], "tangential_distortion": [0.0, 0.0], "thin_prism_distortion": [0.0, 0.0, 0.0, 0.0], "rep_err": 7.719456801106321, "img_pts": [[1796.0, 524.0], [1632.0, 540.0], [1404.0, 552.0], [1244.0, 572.0], [1376.0, 596.0], [816.0, 604.0], [1300.0, 728.0]], "obj_pts": [[-52.5, -9.15999984741211, 0.0], [-52.5, -3.6600000858306885, 0.0], [-52.5, 3.6600000858306885, 0.0], [-52.5, 9.15999984741211, 0.0], [-47.0, 9.15999984741211, 0.0], [-52.5, 20.15999984741211, 0.0], [-36.0, 20.15999984741211, 0.0]]}, {"pan_degrees": -57.16311760411233, "tilt_degrees": 82.47939989657614, "roll_degrees": -0.6898682306445678, "x_focal_length": 3476.5337283934055, "y_focal_length": 3476.5337283934055, "principal_point": [960.0, 540.0], "position_meters": [11.399987084128618, 57.90271167924611, -11.21317888135833], "rotation_matrix": [[0.5408858238959428, -0.8410113214772885, -0.011936609880195848], [0.11649072702449753, 0.06084949127288489, 0.9913260058775493], [-0.8329900575791472, -0.5375846878017043, 0.13088264749550613]], "radial_distortion": [0.0, 0.0, 0.0, 0.0, 0.0, 0.0], "tangential_distortion": [0.0, 0.0], "thin_prism_distortion": [0.0, 0.0, 0.0, 0.0], "rep_err": 7.5225711765057826, "img_pts": [[1796.0, 524.0], [1632.0, 540.0], [1404.0, 552.0], [1244.0, 572.0], [1376.0, 596.0], [820.0, 604.0], [1300.0, 728.0]], "obj_pts": [[-52.5, -9.15999984741211, 0.0], [-52.5, -3.6600000858306885, 0.0], [-52.5, 3.6600000858306885, 0.0], [-52.5, 9.15999984741211, 0.0], [-47.0, 9.15999984741211, 0.0], [-52.5, 20.15999984741211, 0.0], [-36.0, 20.15999984741211, 0.0]]}, {"pan_degrees": -57.16311760411233, "tilt_degrees": 82.47939989657614, "roll_degrees": -0.6898682306445678, "x_focal_length": 3476.5337283934055, "y_focal_length": 3476.5337283934055, "principal_point": [960.0, 540.0], "position_meters": [11.399987084128618, 57.90271167924611, -11.21317888135833], "rotation_matrix": [[0.5408858238959428, -0.8410113214772885, -0.011936609880195848], [0.11649072702449753, 0.06084949127288489, 0.9913260058775493], [-0.8329900575791472, -0.5375846878017043, 0.13088264749550613]], "radial_distortion": [0.0, 0.0, 0.0, 0.0, 0.0, 0.0], "tangential_distortion": [0.0, 0.0], "thin_prism_distortion": [0.0, 0.0, 0.0, 0.0], "rep_err": 7.5225711765057826, "img_pts": [[1796.0, 524.0], [1632.0, 540.0], [1404.0, 552.0], [1244.0, 572.0], [1376.0, 596.0], [820.0, 604.0], [1300.0, 728.0]], "obj_pts": [[-52.5, -9.15999984741211, 0.0], [-52.5, -3.6600000858306885, 0.0], [-52.5, 3.6600000858306885, 0.0], [-52.5, 9.15999984741211, 0.0], [-47.0, 9.15999984741211, 0.0], [-52.5, 20.15999984741211, 0.0], [-36.0, 20.15999984741211, 0.0]]}, {"pan_degrees": -57.16311760411233, "tilt_degrees": 82.47939989657614, "roll_degrees": -0.6898682306445678, "x_focal_length": 3476.5337283934055, "y_focal_length": 3476.5337283934055, "principal_point": [960.0, 540.0], "position_meters": [11.399987084128618, 57.90271167924611, -11.21317888135833], "rotation_matrix": [[0.5408858238959428, -0.8410113214772885, -0.011936609880195848], [0.11649072702449753, 0.06084949127288489, 0.9913260058775493], [-0.8329900575791472, -0.5375846878017043, 0.13088264749550613]], "radial_distortion": [0.0, 0.0, 0.0, 0.0, 0.0, 0.0], "tangential_distortion": [0.0, 0.0], "thin_prism_distortion": [0.0, 0.0, 0.0, 0.0], "rep_err": 7.5225711765057826, "img_pts": [[1796.0, 524.0], [1632.0, 540.0], [1404.0, 552.0], [1244.0, 572.0], [1376.0, 596.0], [820.0, 604.0], [1300.0, 728.0]], "obj_pts": [[-52.5, -9.15999984741211, 0.0], [-52.5, -3.6600000858306885, 0.0], [-52.5, 3.6600000858306885, 0.0], [-52.5, 9.15999984741211, 0.0], [-47.0, 9.15999984741211, 0.0], [-52.5, 20.15999984741211, 0.0], [-36.0, 20.15999984741211, 0.0]]}, {"pan_degrees": -56.047979188641136, "tilt_degrees": 82.35071762855034, "roll_degrees": -0.9773942066059743, "x_focal_length": 4103.422350283442, "y_focal_length": 4103.422350283442, "principal_point": [960.0, 540.0], "position_meters": [21.934093511912366, 66.6564420478798, -13.214266125426112], "rotation_matrix": [[0.5565337726983278, -0.8306529616344157, -0.01690612830130489], [0.11992534880645445, 0.06018067634437993, 0.9909572124508623], [-0.8221241211397562, -0.5535286293613972, 0.13310892501059648]], "radial_distortion": [0.0, 0.0, 0.0, 0.0, 0.0, 0.0], "tangential_distortion": [0.0, 0.0], "thin_prism_distortion": [0.0, 0.0, 0.0, 0.0], "rep_err": 3.404798290531182, "img_pts": [[1796.0, 524.0], [1632.0, 540.0], [1376.0, 596.0], [820.0, 604.0], [1296.0, 724.0]], "obj_pts": [[-52.5, -9.15999984741211, 0.0], [-52.5, -3.6600000858306885, 0.0], [-47.0, 9.15999984741211, 0.0], [-52.5, 20.15999984741211, 0.0], [-36.0, 20.15999984741211, 0.0]]}, {"pan_degrees": -56.43409629765574, "tilt_degrees": 82.26634289099856, "roll_degrees": -0.9050903873157209, "x_focal_length": 3811.2095669709447, "y_focal_length": 3811.2095669709447, "principal_point": [960.0, 540.0], "position_meters": [16.660046811897242, 62.393654478320414, -12.41091942409576], "rotation_matrix": [[0.5510555949515247, -0.834321719328146, -0.015652473604746198], [0.12084872051383894, 0.061230810379872574, 0.990780689461796], [-0.8256714346656235, -0.547866823705862, 0.13456829292095732]], "radial_distortion": [0.0, 0.0, 0.0, 0.0, 0.0, 0.0], "tangential_distortion": [0.0, 0.0], "thin_prism_distortion": [0.0, 0.0, 0.0, 0.0], "rep_err": 4.392268640720853, "img_pts": [[1796.0, 524.0], [1636.0, 436.0], [1632.0, 540.0], [1408.0, 452.0], [1404.0, 552.0], [1232.0, 568.0], [1376.0, 596.0], [816.0, 604.0], [1296.0, 728.0]], "obj_pts": [[-52.5, -9.15999984741211, 0.0], [-52.5, -3.6600000858306885, -2.440000057220459], [-52.5, -3.6600000858306885, 0.0], [-52.5, 3.6600000858306885, -2.440000057220459], [-52.5, 3.6600000858306885, 0.0], [-52.5, 9.15999984741211, 0.0], [-47.0, 9.15999984741211, 0.0], [-52.5, 20.15999984741211, 0.0], [-36.0, 20.15999984741211, 0.0]]}, {"pan_degrees": 130.75545610550176, "tilt_degrees": -79.92646591290895, "roll_degrees": -4.300998711488759, "x_focal_length": 341679.93321889977, "y_focal_length": 341679.93321889977, "principal_point": [960.0, 540.0], "position_meters": [-5962.791111450074, -5076.712409517361, 1384.965120661012], "rotation_matrix": [[-0.641056695771943, 0.7639332241543222, 0.07383997453372237], [-0.18108301295395002, -0.05705676057185449, -0.9818113202100319], [-0.7458252176116588, -0.6427678858703415, 0.17491194832913404]], "radial_distortion": [0.0, 0.0, 0.0, 0.0, 0.0, 0.0], "tangential_distortion": [0.0, 0.0], "thin_prism_distortion": [0.0, 0.0, 0.0, 0.0], "rep_err": 17.128761244927244, "img_pts": [[1796.0, 524.0], [1636.0, 436.0], [1632.0, 540.0], [1412.0, 452.0], [1404.0, 552.0], [1236.0, 568.0], [1376.0, 596.0], [820.0, 600.0], [1300.0, 728.0]], "obj_pts": [[-52.5, -9.15999984741211, 0.0], [-52.5, -3.6600000858306885, -2.440000057220459], [-52.5, -3.6600000858306885, 0.0], [-52.5, 3.6600000858306885, -2.440000057220459], [-52.5, 3.6600000858306885, 0.0], [-52.5, 9.15999984741211, 0.0], [-47.0, 9.15999984741211, 0.0], [-52.5, 20.15999984741211, 0.0], [-36.0, 20.15999984741211, 0.0]]}, {"pan_degrees": 130.85606242290783, "tilt_degrees": -80.00941923621465, "roll_degrees": -4.142672622153575, "x_focal_length": 156507.35913576305, "y_focal_length": 156507.35913576305, "principal_point": [960.0, 540.0], "position_meters": [-2754.417218032115, -2319.948059646763, 628.1238064803578], "rotation_matrix": [[-0.6429726616123167, 0.7625775793981766, 0.07114486501772777], [-0.17813121778683688, -0.058552105810629196, -0.9822631623729555], [-0.7448861830299658, -0.6442414813595584, 0.1734862761912015]], "radial_distortion": [0.0, 0.0, 0.0, 0.0, 0.0, 0.0], "tangential_distortion": [0.0, 0.0], "thin_prism_distortion": [0.0, 0.0, 0.0, 0.0], "rep_err": 19.662044667516447, "img_pts": [[1796.0, 524.0], [1636.0, 436.0], [1632.0, 540.0], [1408.0, 452.0], [1404.0, 552.0], [1244.0, 572.0], [1380.0, 596.0], [816.0, 600.0], [1300.0, 728.0]], "obj_pts": [[-52.5, -9.15999984741211, 0.0], [-52.5, -3.6600000858306885, -2.440000057220459], [-52.5, -3.6600000858306885, 0.0], [-52.5, 3.6600000858306885, -2.440000057220459], [-52.5, 3.6600000858306885, 0.0], [-52.5, 9.15999984741211, 0.0], [-47.0, 9.15999984741211, 0.0], [-52.5, 20.15999984741211, 0.0], [-36.0, 20.15999984741211, 0.0]]}, {"pan_degrees": -57.368409062723046, "tilt_degrees": 82.63260943506974, "roll_degrees": -0.5896191784043164, "x_focal_length": 3350.5135398392777, "y_focal_length": 3350.5135398392777, "principal_point": [960.0, 540.0], "position_meters": [8.899859701319258, 55.91138949241954, -10.589468021899693], "rotation_matrix": [[0.5380953610880297, -0.8428221798911695, -0.010205658187537214], [0.11353389463033259, 0.06047680730911906, 0.9916917921147501], [-0.8352026323866635, -0.5347834410873185, 0.12823117403032291]], "radial_distortion": [0.0, 0.0, 0.0, 0.0, 0.0, 0.0], "tangential_distortion": [0.0, 0.0], "thin_prism_distortion": [0.0, 0.0, 0.0, 0.0], "rep_err": 7.719456801106321, "img_pts": [[1796.0, 524.0], [1632.0, 540.0], [1404.0, 552.0], [1244.0, 572.0], [1376.0, 596.0], [816.0, 604.0], [1300.0, 728.0]], "obj_pts": [[-52.5, -9.15999984741211, 0.0], [-52.5, -3.6600000858306885, 0.0], [-52.5, 3.6600000858306885, 0.0], [-52.5, 9.15999984741211, 0.0], [-47.0, 9.15999984741211, 0.0], [-52.5, 20.15999984741211, 0.0], [-36.0, 20.15999984741211, 0.0]]}, {"pan_degrees": -56.047979188641136, "tilt_degrees": 82.35071762855034, "roll_degrees": -0.9773942066059743, "x_focal_length": 4103.422350283442, "y_focal_length": 4103.422350283442, "principal_point": [960.0, 540.0], "position_meters": [21.934093511912366, 66.6564420478798, -13.214266125426112], "rotation_matrix": [[0.5565337726983278, -0.8306529616344157, -0.01690612830130489], [0.11992534880645445, 0.06018067634437993, 0.9909572124508623], [-0.8221241211397562, -0.5535286293613972, 0.13310892501059648]], "radial_distortion": [0.0, 0.0, 0.0, 0.0, 0.0, 0.0], "tangential_distortion": [0.0, 0.0], "thin_prism_distortion": [0.0, 0.0, 0.0, 0.0], "rep_err": 3.404798290531182, "img_pts": [[1796.0, 524.0], [1632.0, 540.0], [1376.0, 596.0], [820.0, 604.0], [1296.0, 724.0]], "obj_pts": [[-52.5, -9.15999984741211, 0.0], [-52.5, -3.6600000858306885, 0.0], [-47.0, 9.15999984741211, 0.0], [-52.5, 20.15999984741211, 0.0], [-36.0, 20.15999984741211, 0.0]]}, {"pan_degrees": -56.047979188641136, "tilt_degrees": 82.35071762855034, "roll_degrees": -0.9773942066059743, "x_focal_length": 4103.422350283442, "y_focal_length": 4103.422350283442, "principal_point": [960.0, 540.0], "position_meters": [21.934093511912366, 66.6564420478798, -13.214266125426112], "rotation_matrix": [[0.5565337726983278, -0.8306529616344157, -0.01690612830130489], [0.11992534880645445, 0.06018067634437993, 0.9909572124508623], [-0.8221241211397562, -0.5535286293613972, 0.13310892501059648]], "radial_distortion": [0.0, 0.0, 0.0, 0.0, 0.0, 0.0], "tangential_distortion": [0.0, 0.0], "thin_prism_distortion": [0.0, 0.0, 0.0, 0.0], "rep_err": 3.404798290531182, "img_pts": [[1796.0, 524.0], [1632.0, 540.0], [1376.0, 596.0], [820.0, 604.0], [1296.0, 724.0]], "obj_pts": [[-52.5, -9.15999984741211, 0.0], [-52.5, -3.6600000858306885, 0.0], [-47.0, 9.15999984741211, 0.0], [-52.5, 20.15999984741211, 0.0], [-36.0, 20.15999984741211, 0.0]]}, {"pan_degrees": -56.047979188641136, "tilt_degrees": 82.35071762855034, "roll_degrees": -0.9773942066059743, "x_focal_length": 4103.422350283442, "y_focal_length": 4103.422350283442, "principal_point": [960.0, 540.0], "position_meters": [21.934093511912366, 66.6564420478798, -13.214266125426112], "rotation_matrix": [[0.5565337726983278, -0.8306529616344157, -0.01690612830130489], [0.11992534880645445, 0.06018067634437993, 0.9909572124508623], [-0.8221241211397562, -0.5535286293613972, 0.13310892501059648]], "radial_distortion": [0.0, 0.0, 0.0, 0.0, 0.0, 0.0], "tangential_distortion": [0.0, 0.0], "thin_prism_distortion": [0.0, 0.0, 0.0, 0.0], "rep_err": 3.404798290531182, "img_pts": [[1796.0, 524.0], [1632.0, 540.0], [1376.0, 596.0], [820.0, 604.0], [1296.0, 724.0]], "obj_pts": [[-52.5, -9.15999984741211, 0.0], [-52.5, -3.6600000858306885, 0.0], [-47.0, 9.15999984741211, 0.0], [-52.5, 20.15999984741211, 0.0], [-36.0, 20.15999984741211, 0.0]]}, {"pan_degrees": -55.929577129873344, "tilt_degrees": 81.93765271651817, "roll_degrees": -1.137881812251807, "x_focal_length": 4070.053841224956, "y_focal_length": 4070.053841224956, "principal_point": [960.0, 540.0], "position_meters": [21.125333230629224, 66.37081021083223, -13.695697719397197], "rotation_matrix": [[0.5577938977179235, -0.8297465671090078, -0.019662198235795958], [0.1272785657823296, 0.062104732398079426, 0.9899207892079833], [-0.8201622609953717, -0.5546743518359036, 0.14025059377549942]], "radial_distortion": [0.0, 0.0, 0.0, 0.0, 0.0, 0.0], "tangential_distortion": [0.0, 0.0], "thin_prism_distortion": [0.0, 0.0, 0.0, 0.0], "rep_err": 4.327572024657428, "img_pts": [[1796.0, 524.0], [1636.0, 436.0], [1636.0, 528.0], [1408.0, 452.0], [1404.0, 552.0], [1232.0, 568.0], [1376.0, 596.0], [820.0, 600.0], [1300.0, 728.0]], "obj_pts": [[-52.5, -9.15999984741211, 0.0], [-52.5, -3.6600000858306885, -2.440000057220459], [-52.5, -3.6600000858306885, 0.0], [-52.5, 3.6600000858306885, -2.440000057220459], [-52.5, 3.6600000858306885, 0.0], [-52.5, 9.15999984741211, 0.0], [-47.0, 9.15999984741211, 0.0], [-52.5, 20.15999984741211, 0.0], [-36.0, 20.15999984741211, 0.0]]}, {"pan_degrees": -57.413663368119124, "tilt_degrees": 82.55077711906895, "roll_degrees": -0.3010715034662855, "x_focal_length": 3485.664629356953, "y_focal_length": 3485.664629356953, "principal_point": [960.0, 540.0], "position_meters": [11.879208474289722, 57.807274714028786, -11.168878505656522], "rotation_matrix": [[0.5379884223230758, -0.8429361245378957, -0.005210316243904112], [0.11206699307123352, 0.06539579046637178, 0.9915464586459128], [-0.8354695964009106, -0.5340244194213519, 0.1296474949676546]], "radial_distortion": [0.0, 0.0, 0.0, 0.0, 0.0, 0.0], "tangential_distortion": [0.0, 0.0], "thin_prism_distortion": [0.0, 0.0, 0.0, 0.0], "rep_err": 7.343456905108414, "img_pts": [[1796.0, 524.0], [1636.0, 528.0], [1404.0, 552.0], [1244.0, 572.0], [1376.0, 596.0], [820.0, 604.0], [1296.0, 724.0]], "obj_pts": [[-52.5, -9.15999984741211, 0.0], [-52.5, -3.6600000858306885, 0.0], [-52.5, 3.6600000858306885, 0.0], [-52.5, 9.15999984741211, 0.0], [-47.0, 9.15999984741211, 0.0], [-52.5, 20.15999984741211, 0.0], [-36.0, 20.15999984741211, 0.0]]}, {"pan_degrees": -56.047979188641136, "tilt_degrees": 82.35071762855034, "roll_degrees": -0.9773942066059743, "x_focal_length": 4103.422350283442, "y_focal_length": 4103.422350283442, "principal_point": [960.0, 540.0], "position_meters": [21.934093511912366, 66.6564420478798, -13.214266125426112], "rotation_matrix": [[0.5565337726983278, -0.8306529616344157, -0.01690612830130489], [0.11992534880645445, 0.06018067634437993, 0.9909572124508623], [-0.8221241211397562, -0.5535286293613972, 0.13310892501059648]], "radial_distortion": [0.0, 0.0, 0.0, 0.0, 0.0, 0.0], "tangential_distortion": [0.0, 0.0], "thin_prism_distortion": [0.0, 0.0, 0.0, 0.0], "rep_err": 3.404798290531182, "img_pts": [[1796.0, 524.0], [1632.0, 540.0], [1376.0, 596.0], [820.0, 604.0], [1296.0, 724.0]], "obj_pts": [[-52.5, -9.15999984741211, 0.0], [-52.5, -3.6600000858306885, 0.0], [-47.0, 9.15999984741211, 0.0], [-52.5, 20.15999984741211, 0.0], [-36.0, 20.15999984741211, 0.0]]}, {"pan_degrees": -56.047979188641136, "tilt_degrees": 82.35071762855034, "roll_degrees": -0.9773942066059743, "x_focal_length": 4103.422350283442, "y_focal_length": 4103.422350283442, "principal_point": [960.0, 540.0], "position_meters": [21.934093511912366, 66.6564420478798, -13.214266125426112], "rotation_matrix": [[0.5565337726983278, -0.8306529616344157, -0.01690612830130489], [0.11992534880645445, 0.06018067634437993, 0.9909572124508623], [-0.8221241211397562, -0.5535286293613972, 0.13310892501059648]], "radial_distortion": [0.0, 0.0, 0.0, 0.0, 0.0, 0.0], "tangential_distortion": [0.0, 0.0], "thin_prism_distortion": [0.0, 0.0, 0.0, 0.0], "rep_err": 3.404798290531182, "img_pts": [[1796.0, 524.0], [1632.0, 540.0], [1376.0, 596.0], [820.0, 604.0], [1296.0, 724.0]], "obj_pts": [[-52.5, -9.15999984741211, 0.0], [-52.5, -3.6600000858306885, 0.0], [-47.0, 9.15999984741211, 0.0], [-52.5, 20.15999984741211, 0.0], [-36.0, 20.15999984741211, 0.0]]}, {"pan_degrees": -56.32212544800705, "tilt_degrees": 82.42208624422622, "roll_degrees": -0.8961115646915785, "x_focal_length": 3981.2853874311218, "y_focal_length": 3981.2853874311218, "principal_point": [960.0, 540.0], "position_meters": [19.86336416431572, 64.77594157793366, -12.73122420537598], "rotation_matrix": [[0.5527389973775707, -0.8332102146214256, -0.015502871622889658], [0.11840062558558784, 0.060103735170779216, 0.9911452128116558], [-0.8249005349973895, -0.5496801608836168, 0.1318742889724223]], "radial_distortion": [0.0, 0.0, 0.0, 0.0, 0.0, 0.0], "tangential_distortion": [0.0, 0.0], "thin_prism_distortion": [0.0, 0.0, 0.0, 0.0], "rep_err": 3.0563402872665217, "img_pts": [[1796.0, 524.0], [1636.0, 540.0], [1376.0, 596.0], [820.0, 604.0], [1296.0, 724.0]], "obj_pts": [[-52.5, -9.15999984741211, 0.0], [-52.5, -3.6600000858306885, 0.0], [-47.0, 9.15999984741211, 0.0], [-52.5, 20.15999984741211, 0.0], [-36.0, 20.15999984741211, 0.0]]}, {"pan_degrees": -56.32212544800705, "tilt_degrees": 82.42208624422622, "roll_degrees": -0.8961115646915785, "x_focal_length": 3981.2853874311218, "y_focal_length": 3981.2853874311218, "principal_point": [960.0, 540.0], "position_meters": [19.86336416431572, 64.77594157793366, -12.73122420537598], "rotation_matrix": [[0.5527389973775707, -0.8332102146214256, -0.015502871622889658], [0.11840062558558784, 0.060103735170779216, 0.9911452128116558], [-0.8249005349973895, -0.5496801608836168, 0.1318742889724223]], "radial_distortion": [0.0, 0.0, 0.0, 0.0, 0.0, 0.0], "tangential_distortion": [0.0, 0.0], "thin_prism_distortion": [0.0, 0.0, 0.0, 0.0], "rep_err": 3.0563402872665217, "img_pts": [[1796.0, 524.0], [1636.0, 540.0], [1376.0, 596.0], [820.0, 604.0], [1296.0, 724.0]], "obj_pts": [[-52.5, -9.15999984741211, 0.0], [-52.5, -3.6600000858306885, 0.0], [-47.0, 9.15999984741211, 0.0], [-52.5, 20.15999984741211, 0.0], [-36.0, 20.15999984741211, 0.0]]}, {"pan_degrees": -62.75595928452955, "tilt_degrees": 84.86174101184685, "roll_degrees": 1.2515571930455893, "x_focal_length": 1739.2825663667331, "y_focal_length": 1739.2825663667331, "principal_point": [960.0, 540.0], "position_meters": [-17.523608981073153, 34.756085418125856, -4.742998499983405], "rotation_matrix": [[0.4594113894011414, -0.8879571647401685, 0.02175428406346741], [0.06960620361982961, 0.060407843985060994, 0.9957438771103297], [-0.8854920393239838, -0.45594184494481055, 0.08955937875049508]], "radial_distortion": [0.0, 0.0, 0.0, 0.0, 0.0, 0.0], "tangential_distortion": [0.0, 0.0], "thin_prism_distortion": [0.0, 0.0, 0.0, 0.0], "rep_err": 5.356518181151408, "img_pts": [[1404.0, 552.0], [1240.0, 568.0], [1376.0, 596.0], [820.0, 604.0], [1300.0, 728.0]], "obj_pts": [[-52.5, 3.6600000858306885, 0.0], [-52.5, 9.15999984741211, 0.0], [-47.0, 9.15999984741211, 0.0], [-52.5, 20.15999984741211, 0.0], [-36.0, 20.15999984741211, 0.0]]}, {"pan_degrees": -56.714921324798006, "tilt_degrees": 82.1158181795681, "roll_degrees": -1.0408301762478263, "x_focal_length": 3685.73041497813, "y_focal_length": 3685.73041497813, "principal_point": [960.0, 540.0], "position_meters": [14.75434194009421, 60.79402135071382, -12.23200532723937], "rotation_matrix": [[0.5466316445421153, -0.8371798430701598, -0.017993208224356516], [0.1246182871383269, 0.060082806925223414, 0.9903839350588719], [-0.8280483848760845, -0.5436174819383652, 0.13717108162837793]], "radial_distortion": [0.0, 0.0, 0.0, 0.0, 0.0, 0.0], "tangential_distortion": [0.0, 0.0], "thin_prism_distortion": [0.0, 0.0, 0.0, 0.0], "rep_err": 5.944446254519025, "img_pts": [[1796.0, 524.0], [1636.0, 532.0], [1404.0, 552.0], [1240.0, 568.0], [1376.0, 596.0], [820.0, 600.0], [1300.0, 728.0]], "obj_pts": [[-52.5, -9.15999984741211, 0.0], [-52.5, -3.6600000858306885, 0.0], [-52.5, 3.6600000858306885, 0.0], [-52.5, 9.15999984741211, 0.0], [-47.0, 9.15999984741211, 0.0], [-52.5, 20.15999984741211, 0.0], [-36.0, 20.15999984741211, 0.0]]}, {"pan_degrees": -57.92555828068306, "tilt_degrees": 82.3870667687822, "roll_degrees": 1.646097420153117, "x_focal_length": 3460.770847008935, "y_focal_length": 3460.770847008935, "principal_point": [960.0, 540.0], "position_meters": [13.701177820018362, 58.44125888124854, -11.937181206611726], "rotation_matrix": [[0.53402622261173, -0.8449883435479342, 0.02847266814271887], [0.09695786126573058, 0.09466177265136366, 0.9907766256514517], [-0.8398899729737356, -0.5263400498409939, 0.13248013145961823]], "radial_distortion": [0.0, 0.0, 0.0, 0.0, 0.0, 0.0], "tangential_distortion": [0.0, 0.0], "thin_prism_distortion": [0.0, 0.0, 0.0, 0.0], "rep_err": 4.766637426386283, "img_pts": [[1636.0, 520.0], [1408.0, 552.0], [1240.0, 568.0], [1376.0, 596.0], [1296.0, 724.0]], "obj_pts": [[-52.5, -3.6600000858306885, 0.0], [-52.5, 3.6600000858306885, 0.0], [-52.5, 9.15999984741211, 0.0], [-47.0, 9.15999984741211, 0.0], [-36.0, 20.15999984741211, 0.0]]}, {"pan_degrees": -56.892717669907576, "tilt_degrees": 82.37400858534355, "roll_degrees": -0.9589160584816363, "x_focal_length": 3779.2978971349285, "y_focal_length": 3779.2978971349285, "principal_point": [960.0, 540.0], "position_meters": [16.131492279197495, 61.32381677654115, -12.049112595604337], "rotation_matrix": [[0.5442716035288218, -0.8387450615729813, -0.016587443416657632], [0.12028659313496615, 0.05845655235311725, 0.991016633058684], [-0.8302406621601643, -0.5413774590559928, 0.13270602745138896]], "radial_distortion": [0.0, 0.0, 0.0, 0.0, 0.0, 0.0], "tangential_distortion": [0.0, 0.0], "thin_prism_distortion": [0.0, 0.0, 0.0, 0.0], "rep_err": 5.995926973365518, "img_pts": [[1804.0, 524.0], [1408.0, 552.0], [1240.0, 568.0], [1376.0, 596.0], [816.0, 600.0], [1296.0, 724.0]], "obj_pts": [[-52.5, -9.15999984741211, 0.0], [-52.5, 3.6600000858306885, 0.0], [-52.5, 9.15999984741211, 0.0], [-47.0, 9.15999984741211, 0.0], [-52.5, 20.15999984741211, 0.0], [-36.0, 20.15999984741211, 0.0]]}, {"pan_degrees": -56.73320041660422, "tilt_degrees": 82.20427646915576, "roll_degrees": -0.9532276471926677, "x_focal_length": 3701.4104173170304, "y_focal_length": 3701.4104173170304, "principal_point": [960.0, 540.0], "position_meters": [14.89031453169762, 60.84908858120333, -12.140133539827694], "rotation_matrix": [[0.546575731684369, -0.8372474536624832, -0.01648244124468473], [0.12252329703015191, 0.06048440094754334, 0.9906208552856526], [-0.828397858048026, -0.5434688018439557, 0.13564162415622097]], "radial_distortion": [0.0, 0.0, 0.0, 0.0, 0.0, 0.0], "tangential_distortion": [0.0, 0.0], "thin_prism_distortion": [0.0, 0.0, 0.0, 0.0], "rep_err": 5.109798253499144, "img_pts": [[1800.0, 524.0], [1640.0, 436.0], [1412.0, 452.0], [1408.0, 552.0], [1240.0, 568.0], [1380.0, 596.0], [820.0, 600.0], [1300.0, 728.0]], "obj_pts": [[-52.5, -9.15999984741211, 0.0], [-52.5, -3.6600000858306885, -2.440000057220459], [-52.5, 3.6600000858306885, -2.440000057220459], [-52.5, 3.6600000858306885, 0.0], [-52.5, 9.15999984741211, 0.0], [-47.0, 9.15999984741211, 0.0], [-52.5, 20.15999984741211, 0.0], [-36.0, 20.15999984741211, 0.0]]}, {"pan_degrees": 130.4841447268628, "tilt_degrees": -79.97349330938631, "roll_degrees": -4.091061261359711, "x_focal_length": 370507.43840713735, "y_focal_length": 370507.43840713735, "principal_point": [960.0, 540.0], "position_meters": [-6492.639726073274, -5480.3573140943, 1495.8988377837281], "rotation_matrix": [[-0.6381361487132078, 0.7667117300257065, 0.07025225082844716], [-0.1784012040511423, -0.058485111675999235, -0.9822181540296172], [-0.7489694694035114, -0.6393219961437541, 0.1741037597187045]], "radial_distortion": [0.0, 0.0, 0.0, 0.0, 0.0, 0.0], "tangential_distortion": [0.0, 0.0], "thin_prism_distortion": [0.0, 0.0, 0.0, 0.0], "rep_err": 18.11863830143974, "img_pts": [[1800.0, 524.0], [1640.0, 436.0], [1636.0, 540.0], [1412.0, 452.0], [1408.0, 552.0], [1244.0, 572.0], [1376.0, 596.0], [820.0, 600.0], [1300.0, 728.0]], "obj_pts": [[-52.5, -9.15999984741211, 0.0], [-52.5, -3.6600000858306885, -2.440000057220459], [-52.5, -3.6600000858306885, 0.0], [-52.5, 3.6600000858306885, -2.440000057220459], [-52.5, 3.6600000858306885, 0.0], [-52.5, 9.15999984741211, 0.0], [-47.0, 9.15999984741211, 0.0], [-52.5, 20.15999984741211, 0.0], [-36.0, 20.15999984741211, 0.0]]}, {"pan_degrees": 131.1341607043794, "tilt_degrees": -80.18146063470108, "roll_degrees": -4.207700509323491, "x_focal_length": 167699.35573556973, "y_focal_length": 167699.35573556973, "principal_point": [960.0, 540.0], "position_meters": [-2892.8770616875463, -2463.9378236965563, 651.5358836360923], "rotation_matrix": [[-0.6466276187693324, 0.7593719701778416, 0.07229753490214019], [-0.17635691765986172, -0.05661348282337764, -0.9826968765372768], [-0.7421394479733682, -0.6481891116571077, 0.1705283416061798]], "radial_distortion": [0.0, 0.0, 0.0, 0.0, 0.0, 0.0], "tangential_distortion": [0.0, 0.0], "thin_prism_distortion": [0.0, 0.0, 0.0, 0.0], "rep_err": 18.315141639993833, "img_pts": [[1804.0, 524.0], [1640.0, 436.0], [1644.0, 540.0], [1412.0, 452.0], [1408.0, 552.0], [1240.0, 568.0], [1384.0, 596.0], [816.0, 600.0], [1308.0, 728.0]], "obj_pts": [[-52.5, -9.15999984741211, 0.0], [-52.5, -3.6600000858306885, -2.440000057220459], [-52.5, -3.6600000858306885, 0.0], [-52.5, 3.6600000858306885, -2.440000057220459], [-52.5, 3.6600000858306885, 0.0], [-52.5, 9.15999984741211, 0.0], [-47.0, 9.15999984741211, 0.0], [-52.5, 20.15999984741211, 0.0], [-36.0, 20.15999984741211, 0.0]]}, {"pan_degrees": 131.18250964294663, "tilt_degrees": -80.12609833103222, "roll_degrees": -4.049417825718916, "x_focal_length": 112440.42682410248, "y_focal_length": 112440.42682410248, "principal_point": [960.0, 540.0], "position_meters": [-1969.0557020686977, -1659.8423306284062, 442.065185822943], "rotation_matrix": [[-0.6477021785195635, 0.7587106075571519, 0.0695708410274668], [-0.1752350159254607, -0.059483662802934045, -0.9827280310712372], [-0.7414678530689075, -0.6487063340524775, 0.171480363381877]], "radial_distortion": [0.0, 0.0, 0.0, 0.0, 0.0, 0.0], "tangential_distortion": [0.0, 0.0], "thin_prism_distortion": [0.0, 0.0, 0.0, 0.0], "rep_err": 17.921636962205216, "img_pts": [[1804.0, 524.0], [1640.0, 436.0], [1636.0, 540.0], [1412.0, 452.0], [1408.0, 552.0], [1240.0, 568.0], [1384.0, 596.0], [820.0, 604.0], [1308.0, 728.0]], "obj_pts": [[-52.5, -9.15999984741211, 0.0], [-52.5, -3.6600000858306885, -2.440000057220459], [-52.5, -3.6600000858306885, 0.0], [-52.5, 3.6600000858306885, -2.440000057220459], [-52.5, 3.6600000858306885, 0.0], [-52.5, 9.15999984741211, 0.0], [-47.0, 9.15999984741211, 0.0], [-52.5, 20.15999984741211, 0.0], [-36.0, 20.15999984741211, 0.0]]}, {"pan_degrees": -56.88070080007163, "tilt_degrees": 82.43598159386376, "roll_degrees": -0.8816602525194921, "x_focal_length": 3716.6941984894725, "y_focal_length": 3716.6941984894725, "principal_point": [960.0, 540.0], "position_meters": [15.373893414396107, 60.91170149892639, -11.86855383862145], "rotation_matrix": [[0.5446230010839589, -0.8385422596960916, -0.015253373203138854], [0.11864225392840921, 0.05902677592321903, 0.9911810406312748], [-0.830246832136738, -0.5416296875429579, 0.13163388355217978]], "radial_distortion": [0.0, 0.0, 0.0, 0.0, 0.0, 0.0], "tangential_distortion": [0.0, 0.0], "thin_prism_distortion": [0.0, 0.0, 0.0, 0.0], "rep_err": 5.538488914771314, "img_pts": [[1804.0, 524.0], [1640.0, 436.0], [1636.0, 540.0], [1412.0, 452.0], [1408.0, 552.0], [1240.0, 568.0], [1384.0, 596.0], [820.0, 600.0], [1296.0, 724.0]], "obj_pts": [[-52.5, -9.15999984741211, 0.0], [-52.5, -3.6600000858306885, -2.440000057220459], [-52.5, -3.6600000858306885, 0.0], [-52.5, 3.6600000858306885, -2.440000057220459], [-52.5, 3.6600000858306885, 0.0], [-52.5, 9.15999984741211, 0.0], [-47.0, 9.15999984741211, 0.0], [-52.5, 20.15999984741211, 0.0], [-36.0, 20.15999984741211, 0.0]]}, {"pan_degrees": 130.91632658043662, "tilt_degrees": -79.99820514045935, "roll_degrees": -4.195798033450316, "x_focal_length": 159530.9472136402, "y_focal_length": 159530.9472136402, "principal_point": [960.0, 540.0], "position_meters": [-2788.9709549145196, -2354.829092302949, 637.5098098652409], "rotation_matrix": [[-0.6435983488875261, 0.7619642470416041, 0.07205311609896742], [-0.17881163894847912, -0.058158868968304134, -0.9821628906331608], [-0.7441824796955441, -0.6450023505311036, 0.17367902787481926]], "radial_distortion": [0.0, 0.0, 0.0, 0.0, 0.0, 0.0], "tangential_distortion": [0.0, 0.0], "thin_prism_distortion": [0.0, 0.0, 0.0, 0.0], "rep_err": 17.690281499900177, "img_pts": [[1804.0, 524.0], [1640.0, 436.0], [1636.0, 536.0], [1412.0, 452.0], [1408.0, 552.0], [1240.0, 568.0], [1384.0, 596.0], [820.0, 600.0], [1304.0, 728.0]], "obj_pts": [[-52.5, -9.15999984741211, 0.0], [-52.5, -3.6600000858306885, -2.440000057220459], [-52.5, -3.6600000858306885, 0.0], [-52.5, 3.6600000858306885, -2.440000057220459], [-52.5, 3.6600000858306885, 0.0], [-52.5, 9.15999984741211, 0.0], [-47.0, 9.15999984741211, 0.0], [-52.5, 20.15999984741211, 0.0], [-36.0, 20.15999984741211, 0.0]]}, {"pan_degrees": 130.78003626759735, "tilt_degrees": -80.4574032173758, "roll_degrees": -3.6775641352763104, "x_focal_length": 296320.60428879195, "y_focal_length": 296320.60428879195, "principal_point": [960.0, 540.0], "position_meters": [-5107.815558244931, -4343.706862354702, 1121.126172375364], "rotation_matrix": [[-0.6437599496165414, 0.7626087201982011, 0.06325398918147279], [-0.1671689828926708, -0.05948846955160836, -0.9841319287316297], [-0.7467447076667755, -0.6441188258916744, 0.16578081826192326]], "radial_distortion": [0.0, 0.0, 0.0, 0.0, 0.0, 0.0], "tangential_distortion": [0.0, 0.0], "thin_prism_distortion": [0.0, 0.0, 0.0, 0.0], "rep_err": 18.187686544794037, "img_pts": [[1808.0, 524.0], [1640.0, 436.0], [1640.0, 540.0], [1412.0, 452.0], [1408.0, 552.0], [1240.0, 568.0], [1388.0, 596.0], [816.0, 604.0], [1304.0, 724.0]], "obj_pts": [[-52.5, -9.15999984741211, 0.0], [-52.5, -3.6600000858306885, -2.440000057220459], [-52.5, -3.6600000858306885, 0.0], [-52.5, 3.6600000858306885, -2.440000057220459], [-52.5, 3.6600000858306885, 0.0], [-52.5, 9.15999984741211, 0.0], [-47.0, 9.15999984741211, 0.0], [-52.5, 20.15999984741211, 0.0], [-36.0, 20.15999984741211, 0.0]]}, {"pan_degrees": -56.33175755083487, "tilt_degrees": 82.57538380925256, "roll_degrees": -0.8387863391133145, "x_focal_length": 3890.586804197795, "y_focal_length": 3890.586804197795, "principal_point": [960.0, 540.0], "position_meters": [17.45015868495171, 63.193898403735105, -12.105544029829925], "rotation_matrix": [[0.5527494306092049, -0.8332210651064693, -0.014516322676236315], [0.11565032477745979, 0.05944710441388401, 0.99150947759246], [-0.8252836296329087, -0.5497351166149436, 0.12922163990712449]], "radial_distortion": [0.0, 0.0, 0.0, 0.0, 0.0, 0.0], "tangential_distortion": [0.0, 0.0], "thin_prism_distortion": [0.0, 0.0, 0.0, 0.0], "rep_err": 3.160961137418657, "img_pts": [[1804.0, 524.0], [1640.0, 540.0], [1384.0, 596.0], [820.0, 604.0], [1304.0, 724.0]], "obj_pts": [[-52.5, -9.15999984741211, 0.0], [-52.5, -3.6600000858306885, 0.0], [-47.0, 9.15999984741211, 0.0], [-52.5, 20.15999984741211, 0.0], [-36.0, 20.15999984741211, 0.0]]}, {"pan_degrees": -55.9042183889591, "tilt_degrees": 82.24590371715443, "roll_degrees": -1.063965725231309, "x_focal_length": 3959.228502458153, "y_focal_length": 3959.228502458153, "principal_point": [960.0, 540.0], "position_meters": [18.074827168755537, 64.36331163133781, -12.664511015851541], "rotation_matrix": [[0.5584067227656169, -0.829363258322793, -0.018398850897909547], [0.12211884223903863, 0.06024442086424203, 0.9906854183467771], [-0.8205296584160504, -0.5554522441208894, 0.13492177052169016]], "radial_distortion": [0.0, 0.0, 0.0, 0.0, 0.0, 0.0], "tangential_distortion": [0.0, 0.0], "thin_prism_distortion": [0.0, 0.0, 0.0, 0.0], "rep_err": 4.004666373975035, "img_pts": [[1800.0, 524.0], [1644.0, 528.0], [1408.0, 552.0], [1388.0, 596.0], [820.0, 600.0], [1308.0, 724.0]], "obj_pts": [[-52.5, -9.15999984741211, 0.0], [-52.5, -3.6600000858306885, 0.0], [-52.5, 3.6600000858306885, 0.0], [-47.0, 9.15999984741211, 0.0], [-52.5, 20.15999984741211, 0.0], [-36.0, 20.15999984741211, 0.0]]}, {"pan_degrees": -56.49143957386691, "tilt_degrees": 82.49487130078958, "roll_degrees": -0.9925989989070393, "x_focal_length": 3742.929401234278, "y_focal_length": 3742.929401234278, "principal_point": [960.0, 540.0], "position_meters": [14.387552912154192, 60.822526060416095, -11.626263396707994], "rotation_matrix": [[0.5500920996992609, -0.8349273659525818, -0.017174848818614696], [0.11845433360403773, 0.05765248013337623, 0.9912844003538511], [-0.8266603006670166, -0.5473321524613316, 0.13061493859112655]], "radial_distortion": [0.0, 0.0, 0.0, 0.0, 0.0, 0.0], "tangential_distortion": [0.0, 0.0], "thin_prism_distortion": [0.0, 0.0, 0.0, 0.0], "rep_err": 2.523311410018151, "img_pts": [[1804.0, 524.0], [1412.0, 552.0], [1388.0, 596.0], [816.0, 600.0], [1304.0, 724.0]], "obj_pts": [[-52.5, -9.15999984741211, 0.0], [-52.5, 3.6600000858306885, 0.0], [-47.0, 9.15999984741211, 0.0], [-52.5, 20.15999984741211, 0.0], [-36.0, 20.15999984741211, 0.0]]}, {"pan_degrees": -55.941850816874044, "tilt_degrees": 82.14584940960083, "roll_degrees": -1.1178742421697068, "x_focal_length": 4114.877125406439, "y_focal_length": 4114.877125406439, "principal_point": [960.0, 540.0], "position_meters": [21.042665328557185, 66.29976344050549, -13.306632749755224], "rotation_matrix": [[0.5577187215515629, -0.829804989413387, -0.019326333732482215], [0.12411627753511728, 0.060352227454218185, 0.9904305923648259], [-0.8206978599227099, -0.5547803963605448, 0.13665187350461266]], "radial_distortion": [0.0, 0.0, 0.0, 0.0, 0.0, 0.0], "tangential_distortion": [0.0, 0.0], "thin_prism_distortion": [0.0, 0.0, 0.0, 0.0], "rep_err": 3.0287321372317644, "img_pts": [[1804.0, 524.0], [1644.0, 528.0], [1412.0, 552.0], [1384.0, 596.0], [820.0, 600.0], [1304.0, 724.0]], "obj_pts": [[-52.5, -9.15999984741211, 0.0], [-52.5, -3.6600000858306885, 0.0], [-52.5, 3.6600000858306885, 0.0], [-47.0, 9.15999984741211, 0.0], [-52.5, 20.15999984741211, 0.0], [-36.0, 20.15999984741211, 0.0]]}, {"pan_degrees": -56.637412276719324, "tilt_degrees": 82.62195200042605, "roll_degrees": -0.4703609203196534, "x_focal_length": 3789.6050978252365, "y_focal_length": 3789.6050978252365, "principal_point": [960.0, 540.0], "position_meters": [16.00662431148827, 61.74693252246537, -11.757653995319846], "rotation_matrix": [[0.549036490820282, -0.8357587278746232, -0.00814128547230647], [0.11176460759915996, 0.06376151281807055, 0.9916870181520764], [-0.8282919800625597, -0.5453822680144106, 0.12841564351550627]], "radial_distortion": [0.0, 0.0, 0.0, 0.0, 0.0, 0.0], "tangential_distortion": [0.0, 0.0], "thin_prism_distortion": [0.0, 0.0, 0.0, 0.0], "rep_err": 5.285745865789957, "img_pts": [[1804.0, 524.0], [1644.0, 528.0], [1408.0, 552.0], [1240.0, 568.0], [1384.0, 596.0], [820.0, 604.0], [1304.0, 720.0]], "obj_pts": [[-52.5, -9.15999984741211, 0.0], [-52.5, -3.6600000858306885, 0.0], [-52.5, 3.6600000858306885, 0.0], [-52.5, 9.15999984741211, 0.0], [-47.0, 9.15999984741211, 0.0], [-52.5, 20.15999984741211, 0.0], [-36.0, 20.15999984741211, 0.0]]}, {"pan_degrees": -55.16261536997131, "tilt_degrees": 82.06726558944757, "roll_degrees": -1.3948494415554842, "x_focal_length": 4476.095087557788, "y_focal_length": 4476.095087557788, "principal_point": [960.0, 540.0], "position_meters": [26.58247941663828, 71.59700984807822, -14.484726558403882], "rotation_matrix": [[0.5683225690872717, -0.8224525491281003, -0.024109373669450096], [0.12714769503164197, 0.05883538781940689, 0.9901372939084159], [-0.8129224570118505, -0.565782821913877, 0.13801042465330754]], "radial_distortion": [0.0, 0.0, 0.0, 0.0, 0.0, 0.0], "tangential_distortion": [0.0, 0.0], "thin_prism_distortion": [0.0,